9 0.4015625 0.33796296296296297 0.15729166666666666 0.10185185185185185
9 0.28802083333333334 0.3962962962962963 0.221875 0.15555555555555556
9 0.12708333333333333 0.4444444444444444 0.25416666666666665 0.2037037037037037
3 0.8166666666666667 0.2657407407407407 0.15625 0.1537037037037037
3 0.8244791666666667 0.38055555555555554 0.096875 0.10925925925925926
3 0.7255208333333333 0.287962962962963 0.128125 0.13148148148148148
8 0.9104166666666667 0.35648148148148145 0.16041666666666668 0.20555555555555555
8 0.6421875 0.3148148148148148 0.159375 0.13333333333333333
3 0.1546875 0.3277777777777778 0.09270833333333334 0.1111111111111111
3 0.20416666666666666 0.32407407407407407 0.0875 0.06666666666666667
