      0/99     2.61G   0.07142   0.01943         0   0.09086         3       640   0.01706   0.07727  0.003304 0.0005333    0.1098   0.02224         0
      1/99     3.19G   0.06533   0.01509         0   0.08042         8       640   0.02655      0.15  0.008055  0.001852    0.1003   0.01898         0
      2/99     3.19G   0.06003   0.01246         0   0.07249        11       640   0.08864    0.0535   0.01559  0.003109   0.09696   0.01772         0
      3/99     3.19G   0.05947   0.01201         0   0.07148         3       640    0.1161    0.1227   0.04167  0.009693   0.09504   0.01685         0
      4/99     3.19G   0.05988   0.01042         0    0.0703         4       640     0.154       0.2   0.09091   0.02609   0.09938   0.01566         0
      5/99     3.19G   0.05716  0.009624         0   0.06678        15       640    0.1412    0.1039   0.04486   0.01377    0.1067    0.0146         0
      6/99     3.19G   0.05295   0.00929         0   0.06224        11       640    0.1672      0.15   0.06998   0.02229    0.1043   0.01491         0
      7/99     3.19G   0.05453   0.01019         0   0.06472         9       640    0.1337    0.1364   0.05375   0.01244   0.09725   0.01588         0
      8/99     3.19G   0.05328  0.009595         0   0.06288         5       640    0.1788   0.08636    0.0533   0.01468   0.09832   0.01604         0
      9/99     3.19G   0.05103  0.009287         0   0.06032         2       640      0.18    0.1591    0.0767   0.02493   0.09799   0.01545         0
     10/99     3.19G   0.05058  0.009494         0   0.06007        14       640    0.1239    0.1545   0.06455   0.02199   0.09993   0.01546         0
     11/99     3.19G   0.04837  0.009156         0   0.05753         5       640    0.2348    0.1818    0.1099   0.03598   0.09466   0.01664         0
     12/99     3.19G   0.04876  0.009773         0   0.05854        10       640    0.1818    0.1318   0.07908   0.02466   0.09472   0.01671         0
     13/99     3.19G   0.04894  0.009919         0   0.05886         4       640    0.1235    0.1955   0.06342   0.02117   0.09102    0.0172         0
     14/99     3.19G   0.05393   0.00876         0   0.06269        16       640    0.2114    0.2591    0.1496   0.03266   0.09209   0.01626         0
     15/99     3.19G   0.05409  0.008931         0   0.06302         4       640    0.2756    0.2045    0.1386   0.03971   0.09172   0.01733         0
     16/99     3.19G    0.0476  0.009369         0   0.05697         9       640     0.324    0.1682    0.1306   0.03978   0.09333   0.01741         0
     17/99     3.19G   0.04802    0.0101         0   0.05812        10       640    0.2099    0.2955     0.136   0.05208   0.09239   0.01636         0
     18/99     3.19G   0.04557  0.009456         0   0.05503         3       640     0.282    0.3182    0.2054   0.08718   0.09585    0.0159         0
     19/99     3.19G   0.05027  0.009863         0   0.06013        19       640    0.3677    0.2455    0.1951   0.06717   0.09501   0.01677         0
     20/99     3.19G   0.05087   0.01034         0   0.06121         5       640      0.39    0.3168    0.2937    0.1231   0.08428   0.01802         0
     21/99     3.19G    0.0488   0.01003         0   0.05883         5       640    0.2647    0.3909    0.2532    0.1081   0.08368     0.018         0
     22/99     3.19G   0.04481  0.009159         0   0.05397         6       640    0.5301    0.3949     0.355    0.1571   0.08328   0.01751         0
     23/99     3.19G   0.04372    0.0105         0   0.05421         7       640    0.4083    0.3952    0.3349    0.1428   0.08089   0.01811         0
     24/99     3.19G    0.0444   0.01038         0   0.05478         8       640     0.392    0.3727    0.2966    0.1259   0.08676   0.01737         0
     25/99     3.19G   0.04381   0.01029         0   0.05411        28       640    0.4637    0.3273    0.3251    0.1412   0.08457    0.0177         0
     26/99     3.19G   0.03886  0.009539         0    0.0484        18       640    0.6046    0.3909    0.4083    0.1879   0.08063    0.0175         0
     27/99     3.19G   0.04037   0.01041         0   0.05078         6       640    0.6156    0.3864    0.4097    0.1818   0.08111   0.01698         0
     28/99     3.19G   0.03897   0.01019         0   0.04915         4       640    0.6168    0.4318    0.4295    0.1873   0.08032   0.01683         0
     29/99     3.19G   0.04008    0.0108         0   0.05088        27       640    0.6275    0.4135    0.4116    0.1832   0.07924   0.01703         0
     30/99     3.19G   0.03826  0.009892         0   0.04816         6       640    0.6008    0.4182    0.4241    0.1879   0.07892   0.01708         0
     31/99     3.19G   0.03802  0.009548         0   0.04757         5       640    0.7083    0.3909    0.4451    0.1946   0.07918   0.01681         0
     32/99     3.19G   0.04015   0.00992         0   0.05007         8       640    0.6288     0.385    0.4219    0.1965   0.07752   0.01668         0
     33/99     3.19G   0.03827  0.009369         0   0.04764        10       640    0.6608    0.3727    0.3977    0.1981    0.0777   0.01707         0
     34/99     3.19G   0.03864   0.01007         0   0.04871         2       640    0.5844    0.4136    0.4225    0.2138    0.0759   0.01718         0
     35/99     3.19G   0.03883   0.01034         0   0.04916        14       640    0.5914    0.4408    0.4834    0.2413   0.07324   0.01704         0
     36/99     3.19G   0.03521   0.01025         0   0.04546         7       640     0.694    0.4226    0.4985    0.2559   0.07164   0.01718         0
     37/99     3.19G    0.0367  0.009826         0   0.04652         9       640    0.6746    0.4727    0.5387    0.2722   0.07002   0.01722         0
     38/99     3.19G   0.03668   0.01003         0   0.04671         5       640    0.6225    0.4272    0.4738    0.2192   0.07073   0.01759         0
     39/99     3.19G   0.03443  0.009339         0   0.04377        15       640     0.528    0.5091    0.4939    0.2179   0.07077   0.01721         0
     40/99     3.19G   0.03484   0.00913         0   0.04397         4       640    0.6432    0.4261    0.4695    0.2243   0.07185   0.01714         0
     41/99     3.19G   0.03546   0.00975         0   0.04521         4       640    0.6791    0.4818    0.5156    0.2399   0.07009    0.0171         0
     42/99     3.19G   0.03479      0.01         0   0.04479         6       640    0.7337    0.4636     0.552    0.2938   0.06792    0.0171         0
     43/99     3.19G   0.03643  0.009394         0   0.04583         5       640     0.513    0.6128    0.5489     0.277   0.06933   0.01685         0
     44/99     3.19G   0.03489  0.009549         0   0.04444        11       640    0.5844    0.5318    0.5423    0.2641   0.07095   0.01712         0
     45/99     3.19G   0.03495  0.009577         0   0.04453        10       640    0.5969    0.5318    0.5237    0.2624   0.07116   0.01706         0
     46/99     3.19G   0.03387  0.009505         0   0.04337         5       640    0.6223    0.5317    0.5466    0.2822   0.06965   0.01687         0
     47/99     3.19G   0.03517  0.008428         0    0.0436         3       640    0.6786    0.5045    0.5612    0.2949   0.06933   0.01679         0
     48/99     3.19G   0.03384  0.009813         0   0.04366        16       640    0.6189    0.5536    0.5764    0.3117   0.06689   0.01679         0
     49/99     3.19G   0.03316  0.009187         0   0.04235         9       640    0.6644    0.5128    0.5628    0.3076   0.06593   0.01691         0
     50/99     3.19G   0.03198  0.008992         0   0.04098         4       640     0.552    0.5227    0.5105    0.2756   0.06776   0.01763         0
     51/99     3.19G   0.03429  0.009685         0   0.04398         5       640    0.6567    0.5409    0.5587    0.3069    0.0667    0.0171         0
     52/99     3.19G   0.03414  0.009388         0   0.04352        15       640    0.7605    0.4906    0.5804     0.325   0.06708   0.01669         0
     53/99     3.19G   0.03321   0.00953         0   0.04274         7       640    0.7546     0.545    0.6245    0.3403    0.0644   0.01673         0
     54/99     3.19G   0.03465  0.009278         0   0.04392        12       640    0.6606    0.6409      0.64    0.3538   0.06341   0.01656         0
     55/99     3.19G   0.02988  0.009179         0   0.03905         9       640    0.7701    0.5636    0.6245    0.3325   0.06376   0.01661         0
     56/99     3.19G   0.03194  0.008804         0   0.04074        11       640    0.7466    0.5818    0.6353    0.3372   0.06396    0.0166         0
     57/99     3.19G   0.02868  0.008299         0   0.03698        22       640    0.7219    0.6136    0.6601    0.3476   0.06312   0.01648         0
     58/99     3.19G   0.03173    0.0101         0   0.04183        11       640    0.7212       0.6    0.6539    0.3599   0.06292   0.01642         0
     59/99     3.19G   0.03025  0.009063         0   0.03932        12       640    0.6963    0.6045    0.6377    0.3559   0.06336   0.01652         0
     60/99     3.19G   0.03104  0.008629         0   0.03967         8       640    0.7679    0.5773    0.6431    0.3653   0.06303   0.01622         0
     61/99     3.19G   0.03168  0.008339         0   0.04002         6       640     0.695    0.5909    0.6409     0.364   0.06268   0.01621         0
     62/99     3.19G   0.03201  0.009347         0   0.04136        10       640    0.7471    0.5773    0.6624    0.3705   0.06126   0.01642         0
     63/99     3.19G   0.03108  0.008777         0   0.03986         6       640    0.8285    0.5273    0.6514    0.3619   0.06172   0.01666         0
     64/99     3.19G   0.02948  0.009034         0   0.03851        13       640    0.8025    0.5591    0.6518    0.3597   0.06282   0.01676         0
     65/99     3.19G   0.03012    0.0081         0   0.03822         3       640    0.7731    0.6045    0.6698    0.3711   0.06223   0.01664         0
     66/99     3.19G   0.02927  0.008743         0   0.03801         7       640    0.7552    0.5909      0.66    0.3703   0.06192   0.01661         0
     67/99     3.19G   0.03147  0.008942         0   0.04042         5       640      0.88    0.5727    0.7008    0.3933   0.06135   0.01649         0
     68/99     3.19G   0.02995  0.008899         0   0.03885         4       640    0.7173    0.6818    0.6985    0.4002   0.06115   0.01668         0
     69/99     3.19G   0.02984  0.008986         0   0.03882         9       640    0.7775    0.6682    0.6942    0.3845    0.0612   0.01683         0
     70/99     3.19G   0.03292  0.009094         0   0.04201         5       640    0.7405    0.6364     0.671    0.3775   0.06141   0.01684         0
     71/99     3.19G    0.0306  0.008945         0   0.03955        13       640    0.7816    0.6181    0.6694    0.3738   0.06108   0.01689         0
     72/99     3.19G   0.02907  0.008474         0   0.03754         9       640    0.8495    0.5903    0.6881    0.3782   0.06035   0.01697         0
     73/99     3.19G   0.03021  0.009146         0   0.03936         7       640    0.7688    0.5773    0.6709    0.3666   0.06105   0.01683         0
     74/99     3.19G   0.02724  0.008849         0   0.03609         6       640     0.791    0.5682    0.6737    0.3781   0.06124   0.01677         0
     75/99     3.19G   0.02892  0.008325         0   0.03724         4       640    0.8088    0.5769     0.687    0.3853   0.06026   0.01681         0
     76/99     3.19G   0.02848  0.008979         0   0.03746         7       640    0.7765    0.6182    0.6961    0.4007    0.0597   0.01673         0
     77/99     3.19G   0.02922  0.009387         0   0.03861        19       640    0.8124    0.6318    0.7017    0.4075   0.05954   0.01671         0
     78/99     3.19G   0.02756  0.008861         0   0.03643         9       640    0.8363    0.6045    0.6978    0.4081    0.0595   0.01663         0
     79/99     3.19G   0.02927  0.009447         0   0.03871         4       640    0.8207    0.5864    0.6766    0.3872   0.06018   0.01675         0
     80/99     3.19G   0.02904  0.008866         0   0.03791        13       640    0.8076    0.5727    0.6534    0.3702   0.06053     0.017         0
     81/99     3.19G   0.02807  0.008579         0   0.03665         5       640    0.8547    0.5364    0.6637    0.3825   0.06029   0.01672         0
     82/99     3.19G   0.02705  0.007993         0   0.03504        13       640    0.8417    0.5636    0.6785     0.394   0.06005   0.01648         0
     83/99     3.19G   0.02754  0.008501         0   0.03604         3       640    0.8085    0.5951    0.6847    0.3939   0.05975   0.01651         0
     84/99     3.19G   0.02981  0.009426         0   0.03923        14       640     0.806    0.6044    0.6869    0.3881   0.05983    0.0165         0
     85/99     3.19G   0.02865  0.008017         0   0.03666        28       640    0.7535    0.6409    0.6906     0.402   0.05898   0.01661         0
     86/99     3.19G   0.02784    0.0085         0   0.03634         9       640    0.8035    0.6133    0.6866    0.3924   0.05905   0.01683         0
     87/99     3.19G   0.02795  0.009231         0   0.03718         8       640    0.7683    0.6181    0.6875     0.394   0.05835   0.01695         0
     88/99     3.19G   0.02891  0.008755         0   0.03767        16       640    0.8047    0.5818    0.6702    0.3951    0.0582   0.01705         0
     89/99     3.19G   0.02534  0.008422         0   0.03376         9       640    0.8141    0.5591    0.6669    0.3904   0.05822   0.01713         0
     90/99     3.19G   0.02756  0.009018         0   0.03657        11       640    0.8049       0.6    0.6835     0.405   0.05796   0.01705         0
     91/99     3.19G   0.02637  0.008786         0   0.03515        11       640    0.7693    0.5773     0.658    0.3876   0.05807   0.01707         0
     92/99     3.19G   0.02567  0.007786         0   0.03346        11       640    0.8071    0.5545    0.6543    0.3909   0.05785    0.0171         0
     93/99     3.19G   0.02716   0.00772         0   0.03488         5       640    0.8587    0.5273    0.6536    0.3891   0.05796   0.01709         0
     94/99     3.19G   0.02711  0.008983         0    0.0361         3       640    0.8119      0.55    0.6563    0.3863   0.05829   0.01702         0
     95/99     3.19G   0.02816  0.008827         0   0.03699        11       640     0.774    0.5449    0.6324    0.3666   0.05898   0.01723         0
     96/99     3.19G   0.02692  0.008128         0   0.03505         9       640    0.7693    0.5636    0.6599    0.3819   0.05886    0.0169         0
     97/99     3.19G   0.02784  0.008706         0   0.03655        10       640    0.8205    0.5818    0.6827    0.3922   0.05902    0.0168         0
     98/99     3.19G   0.02704  0.008278         0   0.03531         6       640    0.7983    0.5955     0.689    0.3996   0.05837   0.01674         0
     99/99     3.19G   0.02581  0.007997         0    0.0338         8       640    0.8467    0.5864    0.6942    0.4028   0.05779   0.01671         0
