3 0.9234375 0.4148148148148148 0.153125 0.3074074074074074
3 0.79375 0.28703703703703703 0.125 0.18518518518518517
3 0.7729166666666667 0.45092592592592595 0.21041666666666667 0.21666666666666667
3 0.6796875 0.2916666666666667 0.09270833333333334 0.1425925925925926
3 0.396875 0.31203703703703706 0.09583333333333334 0.08703703703703704
3 0.21458333333333332 0.3148148148148148 0.09166666666666666 0.1037037037037037
3 0.26875 0.3138888888888889 0.06458333333333334 0.09074074074074075
3 0.35989583333333336 0.32314814814814813 0.103125 0.11296296296296296
2 0.4322916666666667 0.39166666666666666 0.125 0.13148148148148148
2 0.29791666666666666 0.4351851851851852 0.18541666666666667 0.13703703703703704
2 0.2911458333333333 0.5231481481481481 0.22395833333333334 0.18703703703703703
2 0.1625 0.6898148148148148 0.275 0.3574074074074074
