3 0.23802083333333332 0.2601851851851852 0.12604166666666666 0.1685185185185185
3 0.15572916666666667 0.24259259259259258 0.14270833333333333 0.14444444444444443
3 0.084375 0.23425925925925925 0.11041666666666666 0.10555555555555556
3 0.07083333333333333 0.30648148148148147 0.12083333333333333 0.1388888888888889
3 0.19270833333333334 0.3101851851851852 0.12916666666666668 0.11666666666666667
3 0.259375 0.30185185185185187 0.09375 0.09259259259259259
3 0.33177083333333335 0.3111111111111111 0.103125 0.1111111111111111
3 0.4041666666666667 0.2962962962962963 0.10208333333333333 0.12962962962962962
3 0.46197916666666666 0.2796296296296296 0.07604166666666666 0.14814814814814814
3 0.5885416666666666 0.275 0.16041666666666668 0.1648148148148148
3 0.6677083333333333 0.26851851851851855 0.10416666666666667 0.15185185185185185
3 0.7270833333333333 0.26851851851851855 0.11666666666666667 0.2037037037037037
3 0.8182291666666667 0.275 0.159375 0.1425925925925926
3 0.9005208333333333 0.2712962962962963 0.11145833333333334 0.10925925925925926
3 0.9541666666666667 0.3037037037037037 0.09166666666666666 0.22592592592592592
3 0.896875 0.3351851851851852 0.13125 0.17777777777777778
9 0.20104166666666667 0.47962962962962963 0.40208333333333335 0.26296296296296295
9 0.44427083333333334 0.487962962962963 0.30104166666666665 0.21296296296296297
9 0.7151041666666667 0.487962962962963 0.453125 0.2796296296296296
