0 0.165810 0.750000 0.223650 0.214286
0 0.428021 0.489286 0.280206 0.214286
0 0.757069 0.725000 0.172237 0.164286
0 0.625964 0.373214 0.141388 0.096429
0 0.808483 0.487500 0.172237 0.096429
0 0.823907 0.592857 0.141388 0.092857
0 0.650386 0.262500 0.123393 0.067857
0 0.577121 0.183929 0.146530 0.060714
0 0.394602 0.160714 0.136247 0.057143
0 0.282776 0.110714 0.087404 0.035714
0 0.443445 0.091071 0.095116 0.032143
0 0.568123 0.123214 0.118252 0.039286
0 0.700514 0.175000 0.064267 0.035714
0 0.784062 0.137500 0.164524 0.032143
0 0.637532 0.091071 0.097686 0.039286
0 0.544987 0.069643 0.102828 0.046429
0 0.321337 0.066071 0.061697 0.032143
0 0.335476 0.028571 0.059126 0.028571
0 0.399743 0.042857 0.064267 0.028571
0 0.033419 0.055357 0.061697 0.046429
