2 0.585779 0.824370 0.300226 0.230252
2 0.553612 0.504202 0.220090 0.107563
2 0.648984 0.408403 0.153499 0.057143
2 0.395598 0.427731 0.095937 0.042017
2 0.541196 0.374790 0.127540 0.057143
2 0.404063 0.385714 0.085779 0.038655
2 0.112302 0.757983 0.100451 0.097479
2 0.312641 0.391597 0.045147 0.023529
2 0.357223 0.350420 0.073363 0.035294
2 0.468397 0.335294 0.054176 0.031933
2 0.666479 0.335294 0.125282 0.038655
2 0.555869 0.331092 0.057562 0.030252
2 0.591422 0.307563 0.079007 0.030252
2 0.555305 0.284034 0.074492 0.033613
2 0.456546 0.261345 0.064334 0.031933
2 0.607788 0.242017 0.066591 0.023529
2 0.541196 0.250420 0.053047 0.023529
2 0.669865 0.238655 0.044018 0.016807
2 0.615688 0.193277 0.057562 0.020168
2 0.547404 0.181513 0.029345 0.023529
