0 0.174807 0.753571 0.262211 0.200000
0 0.429306 0.480357 0.287918 0.203571
0 0.811054 0.485714 0.146530 0.092857
0 0.816195 0.603571 0.182519 0.100000
0 0.754499 0.742857 0.182519 0.185714
0 0.622108 0.367857 0.149100 0.107143
0 0.651671 0.260714 0.120823 0.057143
0 0.395887 0.155357 0.143959 0.060714
0 0.574550 0.191071 0.131105 0.060714
0 0.723650 0.157143 0.115681 0.078571
0 0.834190 0.135714 0.069409 0.035714
0 0.446015 0.096429 0.115681 0.050000
0 0.277635 0.112500 0.097686 0.046429
0 0.317481 0.067857 0.079692 0.028571
0 0.365039 0.037500 0.123393 0.046429
0 0.551414 0.071429 0.110540 0.035714
0 0.643959 0.091071 0.089974 0.046429
