2 0.611250 0.878646 0.230000 0.234375
2 0.853750 0.911458 0.098750 0.091667
2 0.083125 0.564063 0.165000 0.063542
2 0.077188 0.484375 0.139375 0.075000
2 0.350000 0.558333 0.120000 0.077083
2 0.187188 0.432812 0.076875 0.038542
2 0.446562 0.741146 0.088125 0.076042
2 0.522188 0.551042 0.154375 0.095833
2 0.297500 0.478646 0.098750 0.042708
2 0.440312 0.466146 0.099375 0.067708
2 0.303438 0.391146 0.135625 0.061458
2 0.429375 0.381250 0.051250 0.029167
2 0.515625 0.457292 0.062500 0.041667
2 0.790000 0.512500 0.397500 0.243750
2 0.662500 0.725000 0.176250 0.197917
2 0.534687 0.393229 0.081875 0.042708
2 0.397813 0.307812 0.064375 0.044792
2 0.532500 0.321875 0.046250 0.025000
2 0.370625 0.344271 0.056250 0.034375
2 0.583750 0.298958 0.083750 0.025000
2 0.660000 0.320312 0.072500 0.026042
2 0.628437 0.363542 0.139375 0.041667
2 0.269375 0.284375 0.148750 0.085417
2 0.535312 0.700521 0.068125 0.040625
2 0.557813 0.745313 0.049375 0.040625
