0 0.333594 0.589583 0.112500 0.106944
0 0.500781 0.406944 0.103125 0.063889
0 0.540234 0.486806 0.072656 0.059722
0 0.519141 0.589583 0.100781 0.109722
0 0.226953 0.809722 0.225781 0.230556
0 0.422266 0.800000 0.114844 0.155556
0 0.479687 0.909028 0.067187 0.093056
0 0.601953 0.425694 0.097656 0.073611
0 0.710938 0.450000 0.117188 0.088889
0 0.672656 0.630556 0.150000 0.163889
0 0.712500 0.890278 0.078125 0.183333
0 0.871484 0.711806 0.166406 0.187500
0 0.835156 0.502083 0.076563 0.048611
0 0.846484 0.461111 0.088281 0.050000
