0 0.409375 0.864641 0.246875 0.143646
0 0.345313 0.769337 0.053125 0.058011
0 0.151562 0.813536 0.221875 0.113260
0 0.492188 0.727901 0.093750 0.113260
0 0.651563 0.772099 0.071875 0.080110
0 0.735156 0.683702 0.089063 0.069061
0 0.499219 0.582873 0.135937 0.138122
0 0.411719 0.515193 0.042188 0.041436
0 0.363281 0.483425 0.089063 0.055249
0 0.589063 0.647790 0.100000 0.118785
0 0.728906 0.610497 0.051562 0.049724
0 0.692187 0.553867 0.084375 0.041436
0 0.604688 0.511050 0.100000 0.066298
0 0.517969 0.488950 0.070312 0.049724
0 0.664062 0.441989 0.103125 0.099448
0 0.796875 0.448895 0.146875 0.085635
0 0.221875 0.628453 0.315625 0.124309
