2 0.177254 0.857923 0.256148 0.265938
2 0.503586 0.808743 0.169057 0.211293
2 0.715676 0.755009 0.136270 0.151184
2 0.153689 0.501821 0.149590 0.114754
2 0.292008 0.615665 0.149590 0.200364
2 0.469262 0.585610 0.112705 0.111111
2 0.366803 0.468124 0.073770 0.072860
2 0.268443 0.384335 0.088115 0.058288
2 0.494877 0.430783 0.077869 0.074681
2 0.636783 0.600182 0.146516 0.122040
2 0.800717 0.520036 0.058402 0.060109
2 0.771004 0.366120 0.078893 0.058288
2 0.648053 0.433515 0.087090 0.069217
2 0.388832 0.317851 0.058402 0.034608
2 0.474385 0.284153 0.079918 0.040073
2 0.784324 0.428051 0.109631 0.072860
2 0.595799 0.334244 0.035861 0.034608
2 0.629098 0.370674 0.053279 0.038251
