0 0.222266 0.818056 0.253906 0.244444
0 0.427344 0.796528 0.137500 0.151389
0 0.482031 0.907639 0.071875 0.093056
0 0.331250 0.589583 0.109375 0.109722
0 0.499609 0.409028 0.105469 0.062500
0 0.600781 0.420833 0.101562 0.063889
0 0.537500 0.488194 0.076563 0.059722
0 0.510938 0.587500 0.120313 0.116667
0 0.677344 0.634028 0.154688 0.176389
0 0.715625 0.887500 0.068750 0.177778
0 0.878516 0.702778 0.192969 0.169444
0 0.711328 0.443056 0.110156 0.086111
0 0.837500 0.498611 0.078125 0.044444
0 0.843359 0.454167 0.080469 0.052778
0 0.695703 0.363194 0.027344 0.023611
0 0.740234 0.293750 0.050781 0.018056
0 0.721875 0.272917 0.034375 0.020833
