9 0.23802083333333332 0.4583333333333333 0.47604166666666664 0.29444444444444445
9 0.471875 0.4564814814814815 0.35 0.24259259259259258
9 0.7359375 0.4925925925925926 0.484375 0.28888888888888886
3 0.9119791666666667 0.375 0.071875 0.09444444444444444
3 0.9416666666666667 0.2962962962962963 0.1 0.11481481481481481
3 0.8625 0.2740740740740741 0.13958333333333334 0.13703703703703704
3 0.7640625 0.27870370370370373 0.13020833333333334 0.1574074074074074
3 0.6979166666666666 0.27685185185185185 0.14583333333333334 0.13148148148148148
3 0.6625 0.32037037037037036 0.10833333333333334 0.1037037037037037
3 0.5765625 0.2574074074074074 0.12395833333333334 0.1259259259259259
3 0.5197916666666667 0.2564814814814815 0.13958333333333334 0.11666666666666667
3 0.4479166666666667 0.25092592592592594 0.08125 0.09814814814814815
3 0.3963541666666667 0.25092592592592594 0.13229166666666667 0.12777777777777777
3 0.34479166666666666 0.25462962962962965 0.09791666666666667 0.10555555555555556
3 0.32916666666666666 0.2712962962962963 0.08541666666666667 0.12777777777777777
3 0.24895833333333334 0.2601851851851852 0.09583333333333334 0.10185185185185185
3 0.1984375 0.2833333333333333 0.13020833333333334 0.14444444444444443
3 0.11979166666666667 0.2861111111111111 0.09791666666666667 0.11296296296296296
3 0.059895833333333336 0.27037037037037037 0.11979166666666667 0.1925925925925926
