2 0.674863 0.813333 0.284153 0.213333
2 0.655738 0.486667 0.229508 0.120000
2 0.755464 0.395000 0.177596 0.056667
2 0.446721 0.416667 0.128415 0.046667
2 0.338798 0.376667 0.054645 0.026667
2 0.448087 0.370000 0.109290 0.040000
2 0.390710 0.331667 0.098361 0.036667
2 0.532787 0.316667 0.071038 0.033333
2 0.633880 0.363333 0.153005 0.073333
2 0.788251 0.318333 0.161202 0.043333
2 0.648907 0.310000 0.073770 0.026667
2 0.079235 0.763333 0.109290 0.113333
2 0.695355 0.283333 0.101093 0.026667
2 0.646175 0.258333 0.101093 0.030000
2 0.512295 0.236667 0.090164 0.040000
2 0.711749 0.223333 0.079235 0.033333
