2 0.239583 0.972222 0.060833 0.051111
2 0.098750 0.982222 0.055833 0.033333
2 0.427083 0.985000 0.079167 0.027778
2 0.616667 0.960000 0.103333 0.073333
2 0.513333 0.811667 0.136667 0.118889
2 0.586667 0.772222 0.056667 0.071111
2 0.459167 0.692222 0.071667 0.066667
2 0.540417 0.680000 0.060833 0.055556
2 0.273750 0.874444 0.069167 0.077778
2 0.199583 0.913889 0.052500 0.056667
2 0.665417 0.724444 0.070833 0.064444
2 0.656250 0.638889 0.179167 0.093333
2 0.817917 0.630556 0.100833 0.063333
2 0.732917 0.581667 0.047500 0.045556
2 0.671250 0.556111 0.059167 0.047778
2 0.830833 0.565000 0.075000 0.045556
2 0.755417 0.505556 0.057500 0.040000
2 0.708750 0.479444 0.054167 0.050000
2 0.717083 0.432778 0.094167 0.045556
2 0.802083 0.451667 0.050833 0.032222
2 0.525417 0.426667 0.099167 0.066667
2 0.628333 0.366667 0.085000 0.046667
2 0.734583 0.377778 0.069167 0.046667
2 0.850833 0.534444 0.038333 0.022222
2 0.831667 0.485000 0.043333 0.025556
2 0.847083 0.437778 0.034167 0.026667
2 0.865000 0.399444 0.033333 0.030000
2 0.388333 0.928889 0.081667 0.068889
2 0.245000 0.592222 0.488333 0.357778
2 0.627500 0.295000 0.138333 0.070000
2 0.787083 0.427222 0.042500 0.025556
